Route 1: 32 171 65 115 86 51 174 94 189 124 89
Route 2: 148 103 197 141 69 70 136 200 75
Route 3: 21 23 182 194 145 29 87 42 123 163
Route 4: 170 134 50 156 112 168 79 195 52 92 198 59
Route 5: 179 172 85 80 31 25 77 105 15 149 41
Route 6: 133 48 26 152 40 153 169 110 91 73 147
Route 7: 20 66 160 47 14 100 64 162
Route 8: 164 116 12 154 24 61 96 130 196 102
Route 9: 45 178 27 173 19 97 28 138 74 68 76
Route 10: 120 109 192 6 139 99 155 107
Route 11: 30 131 129 11 122 67 17 39
Route 12: 113 78 146 2 9 1 188 158 106
Route 13: 62 44 13 43 175 90 53 114 137 56
Route 14: 101 159 38 150 22 151 16 140 142 183 144
Route 15: 93 119 166 35 199 71 81 111 63
Route 16: 57 55 135 184 126 37 187 49
Route 17: 190 118 83 143 46 125 167 34 95 108
Route 18: 10 5 193 176 128 33 36 165
Route 19: 177 3 58 60 121 117 104 181
Route 20: 161 185 18 54 127 98 157
Route 21: 88 8 72 4 191 82
Route 22: 84 180 186 132 7
Vehicles: 22
Distance: 5515.27
