Route 1: 180 60 186 7 132 127 72 95
Route 2: 88 82 191 84 176 125 4 165 188 107
Route 3: 18 8 3 185 54 181 157 98 49 117
Route 4: 161 177 104 143 33 36 34 167 158 108
Route 5: 83 118 57 58 46 106 121 187 142
Route 6: 190 193 5 10 128 35 183 56 111 63
Route 7: 93 166 55 119 71 9 126 37 53 99
Route 8: 101 144 184 135 151 140 199 81 1
Route 9: 114 38 150 159 22 16 90 17 138 137
Route 10: 44 155 78 13 175 2 43 67 39
Route 11: 19 102 146 131 76 97 68 130 109
Route 12: 30 113 62 122 11 100 61 74 28 149
Route 13: 178 192 120 45 129 6 139 96 92 59 198
Route 14: 27 196 73 160 47 91 179 64
Route 15: 12 154 116 173 14 89 15 105 123
Route 16: 164 147 66 133 40 24 70
Route 17: 20 152 26 48 169 153 110 77 162
Route 18: 85 21 41 80 31 25 172 29 52
Route 19: 182 75 134 170 156 112 79 195
Route 20: 23 163 50 145 194 168 87 42
Route 21: 103 148 197 32 124 200 69
Route 22: 171 141 65 86 115 94 51 174 136 189
Vehicles: 22
Distance: 5764.37
