Route 1: 196 190 61 106 74 52 192 101 50 33 157
Route 2: 152 167 111 198 53 55 81 36 120 146
Route 3: 31 23 56 32 151 160 38 117 70 145 91
Route 4: 85 165 45 189 109 125 112 108 114 22
Route 5: 94 99 168 65 177 128 129 41 116 83 39
Route 6: 57 147 133 51 27 86 126 80 178 148
Route 7: 195 119 40 16 98 161 184 18 95 44
Route 8: 182 169 68 7 102 173 158 194 107 82
Route 9: 183 15 179 156 72 166 188 29 21 154
Route 10: 59 143 24 131 180 103 90 110 73 19 193 96
Route 11: 142 48 124 3 43 136 89 37 139 97 64
Route 12: 140 155 12 9 54 150 11 121 115 66
Route 13: 100 92 47 78 14 200 79 174 67 30
Route 14: 163 153 49 4 28 132 6 130 187 134 17 175
Route 15: 171 162 63 149 46 138 172 87 144 137 8 1 60 34
Route 16: 199 176 84 113 191 69 88 71 58 93
Route 17: 118 127 105 42 26 186 135 76 13 75
Route 18: 170 159 197 5 62 20 123 2
Route 19: 181 104 164 25 10 35 122 77 185 141
Vehicles: 19
Distance: 5623.43
