Route 1: 196 161 115 16 98 189 6 183 200 40 128
Route 2: 13 2 8 162 76 142 159 177 83 74 108
Route 3: 145 50 139 187 171 122 170 17 102 77
Route 4: 112 30 20 163 95 136 58 23 127 10 52
Route 5: 87 35 152 104 100 194 53 192 42 59
Route 6: 1 168 92 48 34 38 62 84 118 78 197
Route 7: 73 57 60 99 121 32 88 111 97
Route 8: 46 173 94 12 19 178 138 90 22 47 82 198
Route 9: 26 123 143 113 146 185 169 181 101 148
Route 10: 106 15 71 166 89 114 39 37 164 141 191 43
Route 11: 149 120 51 176 21 130 126 156 172
Route 12: 4 85 135 193 151 125 29 65 96 174 110
Route 13: 81 18 158 36 14 165 31 129 179 190
Route 14: 155 41 150 5 66 124 144 186 70 91
Route 15: 63 67 68 131 195 160 79 103 105 45 24
Route 16: 140 188 184 153 54 69 134 154 119
Route 17: 157 199 93 133 175 56 182 9 107
Route 18: 132 72 147 86 25 116 49 75
Route 19: 7 44 137 80 109 180 11 27 61
Route 20: 55 117 3 64 33 167 28
Vehicles: 20
Distance: 6574.88
