Route 1: 380 314 136 52 171 248 239 243 192 128 27
Route 2: 31 108 362 16 317 57 48 345 35
Route 3: 291 85 265 244 177 22 132 311 241
Route 4: 389 328 287 279 90 399 30 264
Route 5: 174 271 390 189 302 95 250 98 234
Route 6: 73 140 51 1 116 127 25 251 276
Route 7: 298 181 135 245 201 396 242 259
Route 8: 112 87 198 70 96 196 219 353
Route 9: 393 9 47 12 237 321 299 305 249
Route 10: 360 49 67 65 11 4 190 240
Route 11: 236 61 290 182 369 218 110 307
Route 12: 374 39 32 62 194 169 28 316
Route 13: 255 157 29 212 363 111 120 142 76
Route 14: 33 370 141 252 274 170 138 275 223 391
Route 15: 371 38 333 133 338 382 256 107 15
Route 16: 56 324 156 210 205 13
Route 17: 149 101 7 23 356 19 55 344 220
Route 18: 375 97 193 270 300 257 175 37
Route 19: 322 151 99 206 134 325 20
Route 20: 83 284 351 58 368 277 184 294
Route 21: 126 354 150 331 398 66 367 336
Route 22: 121 221 315 173 233 296 349 131 86
Route 23: 364 366 80 191 161 383 50 91 372
Route 24: 340 63 213 36 261 130 3
Route 25: 267 115 373 148 167 164 378 106 178 327
Route 26: 139 217 392 280 359 293 60 254 313 53
Route 27: 286 88 185 301 209 152 10 295 122 258
Route 28: 222 69 199 82 229 204 103
Route 29: 385 335 102 159 304 14 288 6 253
Route 30: 24 144 303 93 71 113 211 59 163
Route 31: 64 208 343 269 394 68 34 197 84 224 230 41
Route 32: 74 77 145 100 79 268 329 297
Route 33: 357 266 308 165 146 43 318
Route 34: 92 332 114 348 235 306 129 263 176 137 384
Route 35: 180 94 54 310 262 400 8 81 260
Route 36: 339 179 44 388 281 215 376 346 45
Route 37: 395 202 186 312 386 246 319 323
Route 38: 105 381 342 154 118 379 225
Route 39: 278 387 155 272 21 309 347 124 2 166 227
Route 40: 5 231 78 125 46 147 153 89 232
Route 41: 330 337 160 361 377 238 320 158 104 42
Route 42: 397 334 143 188 18
Route 43: 72 326 292 17 365 273 341 207 119 200
Route 44: 109 195 203 226 172 352 162 187 123 75 228
Route 45: 216 358 285 214 355 282 247 168 289 283
Route 46: 26 350 117 183 40
Vehicles: 46
Distance: 16211.71
