Route 1: 118 269 71 249 143 114 186 144 222 200 94 176 90 130 173 252 233 68 264 1 57 26 197 133 27 195 33 208 56 194 138 336 121 240 58 242 317 216 318 10 226 163 348 301 247 204 357 63 246 49 210 191 220 60
Route 2: 315 104 395 321 211 387 202 386 288 388 201 212 123 174 19 255 47 370 353 20 323 225 313 37 384 273 165 183 116 74 134 38 280 297 217 261 257 364 32 185 342 369 351 343 146 129 236 286 9 77 148 341 52 139 99 170 154 102 21 289
Route 3: 238 53 258 284 156 164 95 190 141 196 397 24 48 251 135 390 311 158 72 331 320 324 175 142 199 228 368 270 230 97 372 287 346 328 54 229 25 373 91 332 308 241 232 7 382 18 282 330 70 106 23 3 278 78
Route 4: 277 113 108 122 127 84 98 137 344 41 314 359 115 198 4 393 11 85 337 326 209 334 100 205 109 101 181 177 145 12 285 300 379 75 352 43 30 79 51 399 152 239 89 345 259 293 356 215 325 223 107 171
Route 5: 88 398 237 162 69 291 169 155 383 367 378 17 304 14 76 392 292 245 131 214 256 396 391 193 374 168 221 218 219 153 87 136 61 281 260 42 28 124 272 339 335 338 160 35 192 140 182 376 389 81 385 361 265 166
Route 6: 65 55 350 316 13 355 132 59 400 295 111 381 262 312 126 159 349 167 309 274 327 40 83 179 105 39 119 302 22 305 206 362 244 147 184 117 377 231 266 31 213 6 290 149 29 296 271 268 44 45 120 15 36 189 294 267 243 224 64 254
Route 7: 110 5 358 375 347 319 50 16 112 279 157 80 92 360 207 8 96 2 310 62 66 250 180 234 253 188 354 394 34 298 371 93 340 187 151 303 227 366 365 172 380 329 128 235 307 203 333 178 73 299 322 248 276
Route 8: 125 275 103 67 86 306 283 263 161 363 150 82 46
Vehicles: 8
Distance: 9033.54
