Route 1: 56 75 352 114 55 238 350 222 237 23 365 356
Route 2: 377 16 380 293 309 240 366 371 374 239 129 102
Route 3: 26 190 32 139 196 208 99 22 265 132 176
Route 4: 155 246 214 162 112 338 127 254 305 255 3 387
Route 5: 328 301 361 128 299 100 41 74 141 37 171 367
Route 6: 294 225 362 296 174 66 231 399 221 31
Route 7: 72 46 92 243 47 273 45 136 33 277 333
Route 8: 13 69 34 260 267 25 257 167 327 307
Route 9: 315 210 259 19 318 271 321 247 61 286 295 159
Route 10: 386 146 133 119 95 215 310 81 223 212 320 29
Route 11: 142 329 82 364 369 217 27 8 122 113 20 357
Route 12: 164 400 368 203 251 144 285 390 71 249 160 354
Route 13: 276 189 120 15 49 336 391 109 235 232 270
Route 14: 291 344 98 250 207 373 148 312 192 169 197 326 38
Route 15: 394 323 398 96 153 219 73 187
Route 16: 227 186 137 43 244 163 302 396 382
Route 17: 209 64 253 337 258 130 107 28 334 188
Route 18: 90 39 4 184 166 145 274 177 282 86 288
Route 19: 376 290 11 42 266 191 353 359
Route 20: 178 9 57 154 40 172 118 104 76 185 117 116
Route 21: 388 395 268 211 372 48 150 317 324 10 138 168
Route 22: 226 179 60 54 158 311 51 384 91 24 360
Route 23: 216 218 52 50 298 108 335 228
Route 24: 281 304 287 340 381 349 165 94 124 242 355 236 84 106 44
Route 25: 278 206 88 319 115 105 347 279 204 397 35 275 121
Route 26: 289 79 5 85 7 2 245 220
Route 27: 383 303 224 392 332 111 233 78 181 170
Route 28: 229 325 284 59 195 125 280 193 199 261 80 1
Route 29: 147 175 143 89 63 341 180 213 182 358 58 18
Route 30: 292 314 342 194 131 161 156 17 157 348 351 241 101
Route 31: 389 93 256 68 173 313 300 248 14 202 123
Route 32: 375 331 330 316 263 269 272 306 379 97 346 345 70 322
Route 33: 30 83 12 6 149 200 205 264 308 370 234 385
Route 34: 65 378 230 36 77 283 135 21 67
Route 35: 343 183 110 62 262 152 201 134 103
Route 36: 393 151 87 363 126 297 339 53 140 198 252
Vehicles: 36
Distance: 15475.99
