Route 1: 364 271 111 195 345 151 91 291 279 109 347
Route 2: 324 110 239 385 1 244 216 309 4 5 204
Route 3: 180 224 266 163 118 53 34 276 43 36
Route 4: 10 373 330 49 247 80 16 235 114 89
Route 5: 307 374 56 166 39 355 177 181 206 391
Route 6: 136 295 288 375 297 380 332 190 227 188 178 222
Route 7: 226 138 123 65 170 52 26 119 105 310 20
Route 8: 107 168 317 210 207 370 141 133 154 191 384 360 348
Route 9: 55 128 236 400 117 219 172 245 120 386 106
Route 10: 97 90 108 261 314 124 231 300 127 2
Route 11: 159 316 165 285 47 242 3 344 126 77 72 140
Route 12: 243 185 174 382 137 294 339 302 268 86 334 313
Route 13: 196 318 349 217 369 46 353 8 398
Route 14: 85 179 169 319 33 135 312 277 361 161 393
Route 15: 383 252 31 290 376 28 189 205 270 121 58
Route 16: 211 75 238 173 352 267 394 11 284
Route 17: 150 213 341 92 327 272 388 129 15 396 257 12
Route 18: 164 340 367 115 18 308 301 208 184 93
Route 19: 250 359 95 67 237 158 103 203 50 149
Route 20: 186 269 362 281 260 258 366 101 233 63 306 131
Route 21: 182 142 346 264 30 145 357 35 273 331
Route 22: 144 296 377 320 323 304 187 199 24 44 378
Route 23: 256 143 76 337 379 228 283 343 201
Route 24: 125 287 73 134 282 22 390 25 192 351
Route 25: 329 23 32 363 214 354 160 99 315 194 202
Route 26: 259 155 255 132 326 249 112 387 74 197 13 98
Route 27: 328 342 146 230 42 198 61 45 19 14 262 193
Route 28: 278 147 156 113 265 94 68 298 104 241 17
Route 29: 368 223 218 171 21 395 54 88 248 176 274 66 254 60
Route 30: 381 9 79 96 365 81 212 102 70 175 293
Route 31: 303 263 139 51 292 27 280 322 321 122
Route 32: 100 71 29 64 183 220 83 240 336
Route 33: 333 84 37 311 325 167 69 371 116 229 389
Route 34: 232 392 305 299 225 162 335 59 358 41 78 153 399 38
Route 35: 40 372 215 48 221 209 130 148 6 200 82
Route 36: 152 87 286 57 246 356 157 289 338 234 350
Route 37: 253 275 251 62 397 7
Vehicles: 37
Distance: 12315.23
