Route 1: 248 358 253 254 77 298 91 400 180 83 295 4 169 102 384 46 173 220 392 103 181 121 257 320 3 199 187 108
Route 2: 356 228 290 236 321 235 287 227 178 263 345 203 14 304 369 183 17 314 65 330 328 315 342 79 367 230 288 276 294 371 25
Route 3: 222 225 127 146 349 350 60 141 272 172 389 73 97 379 132 24 163 338 96 265 35 366 244 33 282 382 233 138 309 140
Route 4: 104 53 67 1 167 317 58 193 114 256 122 360 186 125 386 201 123 285 13 380 32 47 289 160 74 378 117 72
Route 5: 37 372 57 136 399 190 385 353 224 264 139 112 238 120 231 322 316 92 38 207 221 365 383 106 331 296 324
Route 6: 99 75 216 170 144 191 129 313 302 362 274 94 194 278 54 354 318 214 267 261 153 281 229 326 145 161 215 368 259 76 396
Route 7: 124 137 119 262 177 271 18 293 182 115 250 44 159 268 299 306 196 80 273 30 26 364 337 376 340 133 344 59 308 88
Route 8: 21 370 240 154 34 87 226 275 28 29 336 310 237 158 260 200 151 27 319 16 307 255 266 51 40 70 61
Route 9: 22 325 7 100 2 189 357 359 171 212 398 339 208 11 116 41 209 8 205 303 98 15 284 19 174 162 391 213 150
Route 10: 49 164 147 118 343 312 31 155 101 351 195 283 352 143 232 148 245 217 219 297 301 66 246 218 176 363 242 131 252 109
Route 11: 361 93 249 329 269 335 333 388 69 197 185 373 241 48 390 188 184 291 223 393 6 130 341 52 86 270 247 286
Route 12: 62 355 239 211 64 84 36 387 292 152 210 251 397 375 279 68 89 20 168 78 10 5 381 234 243 71 12 82 305 280 258
Route 13: 166 323 165 135 192 347 346 204 23 50 142 39 395 300 311 179 42 9 128 327 394 55 334 111 81 45 198 156 206 95
Route 14: 175 374 105 110 348 149 113 157 202 377 134 126 90 43 63 85 277 56 332 107
Vehicles: 14
Distance: 9995.02
