Route 1: 248 171 362 243 128 345 239 192 31 108 140 136
Route 2: 16 52 314 317 48 57 291 22 177
Route 3: 30 265 380 85 328 95 399 132 73 300
Route 4: 287 27 271 244 390 219 174 98 234 250 9
Route 5: 189 1 302 396 127 201 279 389 65
Route 6: 51 181 307 116 194 49 96 62 133 363 353
Route 7: 70 298 87 90 245 259 264 39 242 198
Route 8: 12 112 135 393 47 25 321 196 299 249 157 33
Route 9: 182 236 61 11 35 110 218 369 252 290 138
Route 10: 360 237 32 67 305 274 223 275 364
Route 11: 255 212 29 66 169 28 7 276 257 97 370
Route 12: 141 374 111 142 316 251 270 151 371 241 277
Route 13: 23 156 38 333 170 4 190 56 240 222 159
Route 14: 324 210 19 382 134 76 338 256 205 193
Route 15: 13 375 149 101 99 55 15 20 311 294 58 150
Route 16: 322 356 107 284 325 368 37 354 184 331
Route 17: 267 126 398 351 120 293 359 36 191 344 349 130
Route 18: 301 80 221 206 115 340 391 372
Route 19: 63 121 233 315 213 50 383 161 254 175
Route 20: 366 83 261 173 86 139 3 131 91
Route 21: 378 148 373 167 71 164 367 211 394 68 246
Route 22: 217 88 280 392 145 336 60 53 313 296 286
Route 23: 102 69 185 10 318 297
Route 24: 335 385 199 82 24 103 186 309 106 269 329
Route 25: 343 152 209 304 59 113 253 386
Route 26: 303 144 220 204 229 93 295 122 347 376
Route 27: 100 64 208 288 14 327 178 74 6 77 165 163
Route 28: 357 197 81 312 268 79 266 308 146 262 224
Route 29: 92 310 180 400 379 260 43 8 34 230 41
Route 30: 94 348 272 176 263 44 384 104 395
Route 31: 332 54 84 179 339 319 21 40
Route 32: 114 235 388 129 124 2 137 166 281
Route 33: 105 154 381 202 342 118 45 346
Route 34: 387 188 78 278 225 125 231 323
Route 35: 155 158 330 306 377 147 160 89 232 42 397
Route 36: 5 337 361 143 215 46 153 283 258 227
Route 37: 292 72 365 334 18 238 187 273 123 200 228 326
Route 38: 17 226 214 355 172 247 162 109 119 282 75 341
Route 39: 358 216 203 285 195 207 352 168 117 183 26 350
Route 40: 320 289
Vehicles: 40
Distance: 13699.69
