Route 1: 164 313 196 2 360 108 90 266 226 163 339 137 341 174 294 382 394 302 198 303 29 27 200 37 48 167 59 257 220 183 321 225 64 338 45 319
Route 2: 93 144 115 129 185 92 71 51 79 11 312 292 157 356 299 350 272 160 379 116 280 371 94 61 300 154 26 384 231 310 20 284
Route 3: 143 315 283 78 333 278 328 156 96 147 113 265 139 263 354 122 289 246 286 152 82 57 305 228 327 268 388 135 322 358 397 7 84 212 399 60 180 208
Route 4: 127 165 224 396 340 367 138 170 15 261 191 267 314 86 33 166 124 119 105 301 234 229 241 17 12 184
Route 5: 329 194 296 256 23 381 298 9 100 389 87 162 342 230 42 308 337 68 19 146 209 6 325 69 335 99 343 14 153 38 273 331
Route 6: 168 276 118 207 243 316 107 173 179 352 285 141 97 65 52 123 3 344 49 47 242 77 348 334 18 277 126 133 370 219 34 159 53 58
Route 7: 186 150 161 349 75 104 40 232 372 392 148 254 311 275 251 253 221 41 62 130 193 66 81 202 201
Route 8: 213 238 140 318 72 245 136 317 177 307 91 56 151 373 330 324 204 374 85 393 39 109 271 364 1 210 114 5 347 172
Route 9: 398 250 383 211 222 288 391 46 295 355 169 361 363 214 32 76 400 217 270 121 385 297 357 35 22 262 240 83 365 387 378 103 187 98 131 203 182 36
Route 10: 359 142 346 44 269 323 55 375 16 89 10 110 4 239 181 380 195 345 111 279 247 13 248 176 362 158 101 205 237 290 332 190 369 117 120 178 376 43 353 386 8 28 188
Route 11: 368 236 70 155 255 25 287 304 63 306 282 171 223 88 274 125 259 366 281 260 320 199 128 309 235 206 216 291 227 80 244
Route 12: 252 106 189 95 218 67 50 31 149 264 30 24 145 377 134 73 21 54 395 336 293 102
Route 13: 390 249 197 74 175 215 326 112 258 233 351 192 132
Vehicles: 13
Distance: 10930.33
