Route 1: 367 309 235 236 253 254 227 83 298 263 180 169 295 14 46 173 304 384 102 4 91 220 228 79 400 342 315 288 356 257 33
Route 2: 290 203 321 163 287 178 358 172 248 389 141 350 199 132 338 24 328 230 3 77 121 181 74 282 317 320 138 294
Route 3: 222 146 345 127 349 73 97 60 272 122 186 386 360 58 193 187 183 123 13 65 167 233 244 365 378 314 340
Route 4: 379 225 67 276 353 104 224 264 190 139 117 125 103 32 108 382 17 366 265 96 221 106
Route 5: 35 1 53 371 362 129 293 182 94 369 114 250 385 278 54 214 299 392 330 399 273 261 158 57 318 368 326 354 76 396
Route 6: 331 37 191 256 372 302 313 140 112 120 194 274 285 201 160 380 47 289 66 246 98 363 195 242 176
Route 7: 170 25 137 238 144 337 18 133 370 359 237 283 26 306 196 268 80 136 267 229 281 153 376 30 145 215 161 344 72
Route 8: 115 177 262 296 216 34 189 275 119 351 28 159 124 44 232 245 184 92 310 307 394 266 255 150
Route 9: 75 324 240 154 325 21 357 2 22 284 100 143 29 87 260 226 200 59 308 319 303 207 259 38 364 88 16 99
Route 10: 213 391 162 174 27 383 188 152 151 212 7 101 297 205 352 19 336 155 393 219 217 86 312 118 52 131 109 61
Route 11: 341 218 15 147 252 388 335 249 373 241 339 397 185 148 208 68 279 322 78 10 43 85 111 234 247 164 70 40 361
Route 12: 211 31 49 239 51 171 329 271 269 69 398 93 197 375 251 12 116 11 280 258 41 301 343 130 6 270 390 243 48 286
Route 13: 323 36 62 89 84 355 292 210 333 347 156 50 204 395 311 179 291 327 5 168 223 45 334 55 81 209 71 82
Route 14: 175 192 64 166 23 20 9 387 198 202 39 206 165 300 95 8 316 42 231 305 381
Route 15: 377 110 105 346 128 348 149 374 113 157 142 107 134 135 277 63 332 126 56 90
Vehicles: 15
Distance: 10586.26
