Route 1: 144 470 573 361 515 558 455 339 486
Route 2: 254 402 371 498 449 513 134 326 274 544 180
Route 3: 469 353 243 444 200 184 335 123 553 314
Route 4: 51 150 453 378 297 305 366 433 467 168
Route 5: 536 16 101 115 199 411 437 443 194
Route 6: 532 257 505 259 514 91 435 311 279
Route 7: 349 310 565 526 140 281 78 216 231 171 179
Route 8: 192 248 405 460 97 79 578 570
Route 9: 501 434 196 67 328 217 41 296 397
Route 10: 482 204 174 29 25 292 534 535 495 450 114
Route 11: 589 268 203 119 522 372 491 584 396 295
Route 12: 232 273 524 480 148 507 283 484 549 430
Route 13: 103 441 264 569 304 164 387 125 410 70
Route 14: 461 3 246 133 347 543 302 54
Route 15: 547 556 408 493 363 162 375 209 473 368
Route 16: 309 183 431 591 211 512 538 550 271 126
Route 17: 152 253 172 116 377 324 563 156
Route 18: 28 586 107 89 496 442 4 138 404 476
Route 19: 420 523 571 222 60 247 175 229 121 516 235
Route 20: 381 417 330 47 350 392 508 227 504 195 422
Route 21: 564 321 298 218 312 364 445 511
Route 22: 109 241 245 276 301 236 185 581
Route 23: 429 104 98 143 451 27 365
Route 24: 358 518 559 595 14 252 266
Route 25: 500 421 154 475 226 457 146 289
Route 26: 142 600 416 50 17 137 177 102 43
Route 27: 250 36 577 474 367 579 163 188
Route 28: 344 376 228 233 425 2 318 334
Route 29: 598 21 99 320 173 80 394 466 100 186
Route 30: 10 166 202 189 42 73 519 56
Route 31: 205 272 414 72 481 423 502 424
Route 32: 75 112 370 87 92 548 214 389
Route 33: 291 594 158 282 127 568 118 329 345 316
Route 34: 352 315 478 57 147 151 555 124 141 567 583 356
Route 35: 308 575 338 208 33 562 529
Route 36: 221 18 13 76 239 393 181 178 452 284
Route 37: 90 492 418 59 251 197 464 340 390 419
Route 38: 111 244 120 546 261 354 506 432 234
Route 39: 191 517 337 380 96 362 242 270 398
Route 40: 303 224 399 360 384 23 530 37
Route 41: 256 413 440 34 55 38 576
Route 42: 131 71 53 5 238 39 277 108 585
Route 43: 61 167 557 448 587 499 106 294
Route 44: 86 582 560 566 77 286 260 313 597
Route 45: 551 348 206 355 223 333
Route 46: 258 510 593 267 30 331 319 62 113
Route 47: 592 193 490 68 468 332 447 105 240
Route 48: 391 322 9 31 149 160 359 407 409 280
Route 49: 19 572 383 63 176 8 317 110 265 552 81
Route 50: 537 487 65 15 212 74 307 83 132
Route 51: 531 374 533 69 170 187 574 153 488
Route 52: 580 45 155 446 128 415 64
Route 53: 44 479 342 412 525 463 40 82 520
Route 54: 262 465 130 213 190 88 436 215 66
Route 55: 275 230 299 139 249 406 24 382 11 472
Route 56: 336 509 388 497 255 237
Route 57: 58 494 293 12 290 403
Route 58: 210 20 300 285 135 122
Route 59: 346 542 201 540 596 471 323 503 561
Route 60: 554 357 599 483 52 263 182 198 145
Route 61: 477 7 278 427 343 325 541 161 369
Route 62: 458 379 590 165 159 48 93
Route 63: 385 386 117 521 373 401 85
Route 64: 459 6 95 22 94 129 46
Route 65: 288 287 545 539 489 207
Route 66: 219 527 136 35 225 485 528 428 32
Route 67: 1 426 84 400 588 395 341 220
Route 68: 306 439 327 157 438 454
Route 69: 351 456 49 169 26 269
Route 70: 462
Vehicles: 70
Distance: 33124.24
