Route 1: 395 51 524 115 317 545 135 191 397 111
Route 2: 212 152 335 531 329 447 548 35 254 542 420 512 557 46 348
Route 3: 176 529 213 596 513 33 295 381 319 53 146
Route 4: 282 558 383 27 217 530 5 576 134 465 566 407
Route 5: 598 595 431 582 565 585 588 536 76 577
Route 6: 356 301 258 149 180 438 458 587
Route 7: 455 564 600 358 476 165 426 554 119
Route 8: 579 189 289 553 535 291 227 485 286 452 567 70 19
Route 9: 480 45 491 589 471 394 454 380 279 124
Route 10: 416 228 419 573 142 334 23 55 533 83 248
Route 11: 266 240 410 107 242 220 236 342 44 241 552 470
Route 12: 59 136 330 183 321 442 90 285 373 344 11 343
Route 13: 325 357 284 52 297 555 306 61 48 569
Route 14: 418 391 69 197 402 231 87 141 49 232 546
Route 15: 207 534 314 440 341 487 496 323 99
Route 16: 367 392 327 224 67 544 14 591 158 159 161
Route 17: 167 328 249 308 368 460 484 453 351 137 169
Route 18: 120 28 205 209 390 393 275 298 406 294 372 9 73
Route 19: 404 515 196 363 312 300 85 160 164 133 307 272
Route 20: 104 62 386 34 525 21 173 472 430 571 211 8 575 127
Route 21: 101 245 58 126 256 131 304 98 483 57
Route 22: 13 170 509 30 464 144 91 574 521
Route 23: 584 171 179 246 332 559 494 32 193 225
Route 24: 39 384 537 507 547 374 492 105 12 206 415
Route 25: 233 403 108 96 178 195 340 433 503 93 268
Route 26: 400 1 409 214 41 270 473 541 488 106
Route 27: 504 540 326 202 382 561 444 346 519 399 517 481 366
Route 28: 570 421 252 84 156 337 299 168 198 489 562 505
Route 29: 550 20 278 486 379 218 143 305 456 251 92 498
Route 30: 71 347 199 54 468 215 273 448 405 516 499 352
Route 31: 354 230 210 385 462 296 490 280 81 64 154 265
Route 32: 457 78 42 145 568 437 592 528 203
Route 33: 38 177 376 287 443 219 250 290 255 441 72
Route 34: 338 424 318 43 315 371 446 125 262 493 259 434 436
Route 35: 302 192 88 37 97 221 586 501 112 181
Route 36: 556 147 151 339 94 82 331 102 15 237
Route 37: 413 229 320 121 110 253 129 597 543 194
Route 38: 162 260 506 174 466 549 79 467 68 114 310 364
Route 39: 514 359 18 86 389 74 510 89 56 417 271 388
Route 40: 563 477 25 157 148 360 361 333 350 66 309
Route 41: 264 539 10 520 204 353 532 497 80
Route 42: 24 445 303 95 408 482 590 560 538 257 502 495 583 336
Route 43: 508 461 223 216 375 283 31 345 412 449 288
Route 44: 411 139 459 518 479 523 166 370 269
Route 45: 322 130 184 425 65 123 63 365 40 427
Route 46: 451 132 324 187 100 7 29 36 186 239
Route 47: 439 527 235 75 423 2 281 401 594 103 22
Route 48: 4 60 387 293 6 475 122 113 432 208 311
Route 49: 377 243 526 500 201 188 128 349 17 163
Route 50: 581 414 267 234 172 244 277 478 116 313 118
Route 51: 226 378 435 77 580 155 355 16 222 109 362
Route 52: 150 469 274 175 450 182 463 578 522
Route 53: 263 429 140 247 238 292 316 47 138 185
Route 54: 261 599 26 276 117 153 396
Route 55: 551 428 190 572 511 369 3
Route 56: 398 422 200 474 593 50
Vehicles: 56
Distance: 38225.16
