Route 1: 369 101 486 478 105 467 65 406 450 422 306
Route 2: 12 72 360 524 575 328 122 223 380
Route 3: 42 483 445 308 30 25 582 210 265 113 159 166 278 236
Route 4: 317 387 192 516 262 233 513 411 431 111 499
Route 5: 78 565 506 345 147 511 484 350 61 160 261
Route 6: 312 251 509 92 74 176 209 7 277 155
Route 7: 175 413 4 253 69 426 500 207 517 130
Route 8: 81 274 460 437 330 80 58 310 243 75 454
Route 9: 39 592 374 470 165 501 540 268 100 146 208 134
Route 10: 290 128 263 194 376 410 218 532 10 186 331 234 237 260 32
Route 11: 597 89 497 302 9 298 510 560 397 318
Route 12: 14 94 189 184 552 463 271 229 340
Route 13: 244 490 287 119 304 339 248 528 561 43 47
Route 14: 468 567 56 238 257 554 333 309 544
Route 15: 325 429 521 19 482 457 121 115 305 18 421 79
Route 16: 412 452 343 419 443 370 479 315 283 112 252 368
Route 17: 67 180 428 563 104 279 99 341 36 73 562 246
Route 18: 22 555 50 384 436 496 138 425 416
Route 19: 21 358 66 133 188 319 320 405 442 173 420
Route 20: 202 270 571 125 163 492 537 90 580 33 294
Route 21: 382 326 568 143 519 20 221 142 366 535
Route 22: 5 476 293 491 430 444 585 1 230 198 549
Route 23: 418 225 231 553 276 383 98 273 216 354
Route 24: 26 178 522 518 564 427 162 379 48
Route 25: 44 158 187 183 93 558 264 525 108 45
Route 26: 127 434 211 363 526 124 446 543 505 241 600
Route 27: 438 423 453 107 392 55 135 458 507 213 474 6 480 63
Route 28: 390 214 346 174 344 551 487 295 533 185
Route 29: 37 96 599 292 498 529 85 152 502 114 88 399 573 591
Route 30: 123 538 520 215 398 11 349 347 232 296 235 386
Route 31: 395 550 245 371 38 572 337 332 28 35 389 267
Route 32: 547 566 375 488 459 197 77 164 559 228
Route 33: 440 2 512 284 62 456 485 569 536 385
Route 34: 224 222 299 596 424 451 149 348 190 352 275
Route 35: 199 297 256 103 311 464 481 255
Route 36: 391 76 364 117 179 539 23 508 82 205 87
Route 37: 168 534 97 465 145 598 177 448 3 557 570 239 477 196
Route 38: 272 126 359 15 52 289 415 136 303 102 336 495
Route 39: 449 53 589 137 373 408 203 377 433 381
Route 40: 324 46 181 581 201 40 171 588 351 132
Route 41: 161 120 247 514 329 41 172 546 57 191 441
Route 42: 266 403 154 321 439 316 106 489 286 59 322 527
Route 43: 140 531 206 407 8 193 220 417 167
Route 44: 109 31 249 493 281 587 469 473 545 372 362
Route 45: 217 16 353 291 49 455 461 91 307 548 259
Route 46: 301 404 471 17 24 586 594 542 388
Route 47: 595 583 148 34 144 409 240 242 84 110 64 129 579
Route 48: 530 400 68 577 60 71 378 131 361 86 258 365 357
Route 49: 515 54 27 13 334 254 342 576 541 447 116 355
Route 50: 83 250 170 182 556 141 475 169 139 401 396
Route 51: 503 494 51 227 367 157 204 156 70 472 414
Route 52: 593 504 285 269 356 195 523 432
Route 53: 226 393 323 153 282 574 118 150 219 313
Route 54: 402 200 335 288 300 212 394 95 435 466
Route 55: 280 338 151 578 590 29 327 584 462 314
Vehicles: 55
Distance: 32308.66
