Route 1: 325 521 340 454 75 14 426 484 192 350 387 411 422 450 516 166 122 328 12 101 380 524 65 467 306 317 155 511 113 105 486 69 92 61 236 251 290 19 32 159 431 209 111 360 369 406 223 278 478 261 460 509 277 99
Route 2: 309 81 560 326 428 302 274 147 42 445 575 160 565 175 72 483 176 25 582 262 210 567 40 377 125 308 233 554 257 410 265 501 500 345 499 312 506 7 207 513 457 368 477 429 230
Route 3: 202 425 47 343 36 283 452 67 552 184 9 497 189 80 253 39 470 130 540 74 437 413 463 330 310 218 376 592 374 30 165 10 237 4 304 424 115 528 119 305 421 315 78 268 142 517 208 241 549 73 370 43
Route 4: 453 418 33 333 416 341 112 234 331 238 128 194 263 56 260 490 186 100 244 58 510 298 397 318 271 248 146 339 597 89 94 243 482 121 287 412 18 496 320 561 571 558 158 50 264 20 537 366 229 544 468 93 532 279 225 1
Route 5: 5 568 382 173 354 221 492 420 430 163 90 580 66 443 562 479 555 358 419 104 133 188 138 22 21 436 143 246 294 252 384 465 337 392 444 232 179 190 273 216 48 98 563 319 442 405 519 180 464 395 45 388 34 381 259 136
Route 6: 127 44 363 211 293 526 26 344 276 423 543 522 518 476 383 427 162 379 564 600 231 134 79 198 553 535 178 446 491 529 85 107 124 502 114 183 525 292 108 187 97 534 82 572 239 415 386 228 185 255 205 336 585
Route 7: 438 63 488 375 2 547 55 474 6 505 480 332 434 551 599 174 346 37 214 96 390 550 487 566 295 349 520 398 538 123 213 591 458 311 88 399 215 164 559 77 197 459 11 389 272 57 117 595 285 135 573 539 533 507 286 35 87
Route 8: 440 103 391 297 347 569 299 224 512 275 352 28 267 199 149 222 451 256 296 536 245 371 38 498 152 385 485 596 235 284 62 504 414 396 466 481 270 129 475 417 531 316 15 359 126 64 169 523 449 587 439 249 351 495 303
Route 9: 289 570 508 598 168 102 448 145 76 456 348 23 52 41 373 137 53 364 167 154 321 546 329 172 54 489 254 334 139 70 401 581 8 408 177 433 203 196 3 557 148 353 588 59 220 322 171
Route 10: 161 362 586 120 403 181 589 191 441 514 247 140 132 266 206 407 46 109 106 515 27 577 281 404 301 493 471 170 84 469 201 324 542 17 527 361 378 193 156 29 31 291 435 300 157 574 116 335 578
Route 11: 110 455 24 71 400 530 83 240 49 242 60 409 594 372 461 91 548 307 545 473 16 217 258 144 357 365 86 541 494 51 131 68 227 447 204 583 576 556 95 141 182 195 356 342 250 314 579 472
Route 12: 593 226 393 153 13 327 323 394 212 150 313 282 269 367 590 432 288 355 503 280 219 118 402 584 462 200 151 338
Vehicles: 12
Distance: 22337.35
