Route 1: 410 350 592 109 464 549 515 407 214 228 237 110 89 600 24 588 338 562 272 444 56 394 13 51 573 538 378 316 81 541 37 134 341 178 153 311 354 171 133 38 184 12 164 121 292 428 307 261 333 400
Route 2: 449 500 459 181 146 216 96 213 297 390 279 397 411 40 370 503 46 514 200 294 563 446 468 434 445 19 48 161 472 308 55 205 594 173 53 509 396 422 65 145 385 73 2 476 159 274 366 566 264 371 258 336 252 206 246
Route 3: 360 101 315 44 86 194 191 219 50 208 337 457 263 357 510 582 131 226 240 300 374 130 505 569 356 87 355 106 448 481 183 234 561 230 572 384 351 290 43 578 32 478 471 545 328 335 427 373 475 244 598 170 450 179 499 587 35 270
Route 4: 438 597 220 71 470 482 185 231 126 550 527 495 548 165 93 21 217 49 577 59 198 291 417 113 15 257 143 343 409 524 511 90 442 517 241 376 436 281 174 295 18 492 525 233 348 502 398 62 210 9 591 289 104 528 589 490 128 92 340 486 209
Route 5: 596 80 461 421 301 523 253 402 362 250 313 102 585 83 361 127 405 322 160 288 157 479 389 60 381 306 22 28 167 72 433 27 176 285 480 299 14 419 152 526 97 20 195 377 66 437 78 375 539 327 576 114 251 148
Route 6: 141 440 125 342 546 151 94 29 57 395 439 530 238 215 319 249 369 507 365 432 529 564 543 68 4 302 168 494 67 74 330 334 504 88 223 331 26 158 79 567 154 458 147 304 225 172 363 484 199 61 232 296 221 467 359 412 451 212 119
Route 7: 166 547 98 115 70 532 34 118 456 45 275 542 262 364 353 558 123 408 534 443 23 426 349 276 245 424 144 454 132 77 204 180 536 69 5 25 323 469 465 358 248 192 430 1 579 423 271 508 229 326 75 565 590 453
Route 8: 99 455 278 346 493 129 186 10 138 187 103 177 483 393 324 425 17 111 196 197 207 568 496 435 268 47 574 140 218 303 224 519 404 512 460 282 560 399 317 581 124 522 286 36 498 269 387 82 584 593 379 595 344 142 305 345 137 277 310
Route 9: 169 501 406 247 513 312 383 3 201 163 193 571 122 488 284 463 325 287 332 189 41 265 243 108 242 255 203 487 256 211 149 58 531 368 254 150 105 401 318 135 85 112 107 414 447 8 537 54 392 485 273 416 477
Route 10: 280 544 518 474 136 236 429 553 473 506 182 391 403 418 555 155 575 491 339 100 267 76 556 95 533 441 84 462 39 52 554 260 33 431 559 551 552 415 11 91 466 293 386 599 116 557 298 516 202 117 7 30 31 156
Route 11: 583 222 388 580 314 266 283 42 321 162 175 16 227 259 520 139 235 521 63 586 309 320 329 352 535 382 120 420 372 497 570 347 188 367 380 239 64 452 413 6 190 489 540
Vehicles: 11
Distance: 19377.63
