Route 1: 534 395 596 111 341 545 44 342 135 397
Route 2: 329 487 115 513 51 447 295 548 35 23 524 232
Route 3: 298 325 393 440 249 107 390 335 275 164 496 406 241 364
Route 4: 152 531 403 317 273 314 503 49 141 483
Route 5: 529 34 213 209 131 191 532 116 268 33 352
Route 6: 384 308 537 552 332 381 433 559 102 478 98
Route 7: 104 201 260 28 120 242 340 323 294 133 307
Route 8: 278 99 195 205 509 108 65 143 178 507 206
Route 9: 424 301 468 96 220 155 292 349 15 470 70
Route 10: 184 539 547 328 100 466 218 7 355
Route 11: 451 132 599 339 151 506 162 55 215 62 277 353
Route 12: 39 212 1 425 400 30 460 160 236 304 169
Route 13: 176 514 95 77 94 379 20 313 549 561 79 147 497
Route 14: 584 386 422 174 462 130 331 87 93 415
Route 15: 315 546 210 385 408 29 580 494 448 405 36 54
Route 16: 282 10 525 334 316 501 344 142 113 311
Route 17: 322 57 19 291 482 541 473 446 484 259 80 163
Route 18: 264 150 170 457 435 387 500 490 475 590 567 434 272
Route 19: 377 128 26 343 258 296 81 372 396 11
Route 20: 445 24 78 43 21 188 208 243 32 594
Route 21: 550 167 502 338 318 287 527 486 280 560 488 122
Route 22: 526 118 303 368 383 520 238 105 374 305 17
Route 23: 581 414 199 228 171 402 583 204 474 193 247 538 117
Route 24: 558 595 535 25 300 431 227 6 456 262 283 123 493
Route 25: 586 64 518 82 276 523 200 382 265 495 257
Route 26: 267 371 479 270 409 452 463 186 185 237 436
Route 27: 207 256 73 179 347 416 231 154 181
Route 28: 556 233 234 598 564 455 293 157 125 286 485 137
Route 29: 443 508 423 419 202 88 235 153 359 432 50 9
Route 30: 261 75 38 230 229 37 444 246 365 225 366
Route 31: 266 13 60 421 410 52 251 172 109 106 269
Route 32: 71 354 139 398 221 401 430 499 214 3
Route 33: 263 239 302 336 413 2 375 373 516 16 417 56 222 348
Route 34: 31 453 27 492 85 284 240 166 103
Route 35: 4 356 245 376 175 285 593 112 388 271 114 22 248 522
Route 36: 101 563 145 439 579 570 461 90 197 47 404 566 309
Route 37: 515 429 573 250 173 97 126 219 138 369 194
Route 38: 411 177 540 481 42 41 63 148 12 553 288 310
Route 39: 449 600 189 357 89 510 74 360 66 498 592
Route 40: 58 326 504 533 110 255 140 467 198 68 362 370
Route 41: 223 428 216 441 597 182 72 83 161
Route 42: 274 469 244 187 297 577 465 407 345 505
Route 43: 551 378 489 389 450 380 459 40 562 427
Route 44: 196 477 159 192 253 69 129 281 351
Route 45: 418 127 121 361 324 568 426 92 158 578
Route 46: 226 289 528 472 190 511 572 543 442 8 46
Route 47: 574 399 320 224 321 330 290 346 391 412 203 521
Route 48: 86 312 252 84 363 333 91 458
Route 49: 18 156 437 358 337 569 464 144 48 53 587
Route 50: 588 136 327 183 519 168 306 350
Route 51: 480 589 392 367 67 544 454 14 517 211 279 575
Route 52: 217 582 565 555 299 554 536 476 119
Route 53: 59 45 491 471 165 591 61 557
Route 54: 438 149 420 394 180 571 319 512 254 124
Route 55: 146 542 530 5 585 134 576 76
Vehicles: 55
Distance: 38697.71
