Route 1: 222 430 591 87 381 432 124 198 531 537 65 576 405 197 583 415 556 341 76 314 378 235 193 93 571 102 45
Route 2: 194 494 178 440 406 532 250 12 480 323 462 181 17 498 387 528 600 445 278 561 348 512 349 130 174 41 216 325 89
Route 3: 134 461 251 18 290 49 536 304 566 11 577 393 370 505 442 32 69 68 44 55 156 422 4 108
Route 4: 547 99 296 272 13 332 186 523 150 175 402 361 237 527 96 373 417 179 324 60 9 190 147 322 101 584 122
Route 5: 469 472 195 39 46 10 14 155 563 204 145 221 267 259 30 375 353 318 1 540 398 444 244 86 114 158 545 526
Route 6: 382 40 243 312 340 431 448 64 117 173 598 273 423 217 385 438 157 302 407 490 206 62 234 479 50
Route 7: 207 436 554 135 474 313 67 21 7 128 211 501 220 15 311 125 227 284 138 232 334 481 403 53 354 129 127
Route 8: 110 347 212 56 331 162 394 441 562 555 246 38 137 291 588 275 292 233 303 435 451 420 408 270 238
Route 9: 26 295 210 534 301 31 287 455 411 572 570 356 371 345 121 218 578 73 453 579 276 75 377 365 72 339
Route 10: 542 52 35 553 426 6 229 196 337 397 165 265 153 351 552 172 429 268 84 263 580 224 100 468 530 457
Route 11: 111 517 169 58 573 418 205 97 483 260 269 488 160 123 36 241 180 166 300 503 167 567 264 396 565 478
Route 12: 559 280 511 362 558 80 154 78 176 82 427 149 143 293 433 42 592 460 587 485 306 225 126 391 388 254
Route 13: 152 203 504 346 113 428 164 51 119 59 595 401 575 85 289 386 107 177 305 392 189 400 492 118
Route 14: 199 151 594 209 116 470 27 5 230 510 597 74 342 335 599 476 497 71 258 88 364 163 133 509 515 596 22 28
Route 15: 261 223 352 34 550 506 399 525 249 459 248 320 255 309 136 456 568 486 582 350 589 256 285 544 569 514 307 564 95
Route 16: 464 327 24 94 541 384 521 496 439 450 409 184 146 103 487 298 219 315 355 443 581 120 262 390 98 516 475 16 247 228 446
Route 17: 25 63 493 188 79 200 590 467 321 281 215 425 329 454 452 112 367 359 187 585 2 214 551 416 191 529 159
Route 18: 208 161 412 171 404 283 226 106 252 316 522 308 369 520 213 519 538 77 297 231 242 508 141 360 279 57 20 23 363
Route 19: 19 37 593 507 447 500 499 489 61 192 524 8 549 201 148 543 90 421 513 33 379 144 170 317 286 328 3 343
Route 20: 383 253 414 142 182 282 240 586 266 92 105 502 482 47 419 277 202 458 484 374 139 43 344 239 437
Route 21: 376 357 333 366 132 434 533 471 271 245 548 70 449 410 389 294 477 574 466 326 395 424 495 546 336 465 372
Route 22: 518 299 274 168 539 104 91 81 140 183 185 560 109 330 236 29 535 491
Route 23: 83 288 358 310 54 473 257 338 48 557 463 115 319 131 413 380 66 368
Vehicles: 23
Distance: 23117.42
