Route 1: 544 126 305 694 667 332 281 566 183 529
Route 2: 319 594 70 483 110 286 721
Route 3: 451 449 108 746 680 512 534
Route 4: 573 503 225 1 588 621
Route 5: 98 625 571 624 73 719
Route 6: 211 133 628 640 39 273 200
Route 7: 92 14 346 412 203 289 69 734
Route 8: 320 415 693 539 555 648 272 724
Route 9: 590 375 310 447 522 102 170 683 646
Route 10: 5 606 637 53 293 190 526 294 371
Route 11: 347 280 312 638 480 473 337 485 540
Route 12: 681 508 752 143 692 478 548
Route 13: 132 608 545 543 271 783 330 605
Route 14: 439 452 216 785 567 154 296 261 182 340
Route 15: 155 673 245 782 613 679 575
Route 16: 501 255 562 119 172
Route 17: 797 505 122 514 75 19 456 76 563
Route 18: 561 233 169 504 206 647 323 258 167 403
Route 19: 776 424 516 622 391 12 715 438 458
Route 20: 335 718 584 450 23 502 677 482
Route 21: 137 617 417 410 356 564 58 712 50 136
Route 22: 191 738 316 48 59 652 610 52 513
Route 23: 25 674 197 445 682 688 166
Route 24: 369 8 328 765 15 507 144
Route 25: 247 434 341 381 703 128 659 396 760
Route 26: 488 148 422 416 708 18
Route 27: 441 520 164 549 359 623 275 701
Route 28: 145 620 470 131 139 733 768 643 67
Route 29: 254 479 457 552 406 589 414
Route 30: 49 162 185 125 17 790 551 401 444 239
Route 31: 304 195 259 533 345 476 464
Route 32: 574 28 93 572 283 326 224
Route 33: 446 362 466 36 459 266
Route 34: 68 72 559 597 157
Route 35: 546 56 668 467 306 165 130
Route 36: 176 115 123 716 338 524 89 587 228 618 596
Route 37: 556 695 109 321 173 198 101 578
Route 38: 88 150 777 527 315 753 350 96 208
Route 39: 713 487 243 141 494 298 604
Route 40: 658 656 496 498 393 749 62 231
Route 41: 418 276 519 333 307 792 311 778
Route 42: 489 744 30 630 253 532 22
Route 43: 595 7 565 429 440 234
Route 44: 664 771 334 500
Route 45: 222 644 691 78 649 660 395 4 707 238
Route 46: 6 45 761 389 223 2
Route 47: 616 199 612 237 636 798
Route 48: 249 299 687 709 592 774
Route 49: 46 379 794 339 232 772 124 366 742 118
Route 50: 370 256 63 374 632 495 755 354 54 602
Route 51: 723 538 100 759 21 437 686
Route 52: 38 159 627 43 481 31 405 282 194
Route 53: 352 212 442 127 16 523 189 94
Route 54: 193 33 462 90 382 267 657 204
Route 55: 491 676 743 773 186 585 569
Route 56: 492 257 670 196 246 684 10 325
Route 57: 601 600 264 153 394
Route 58: 79 34 336 678 784 355 443 411 407
Route 59: 368 740 372 791 244 324 361 385
Route 60: 577 672 163 265 521 95
Route 61: 626 741 81 729 553 85 420 432 387 105
Route 62: 400 55 725 220 219 177 60 152
Route 63: 461 99 279 106 653 236
Route 64: 722 174 278 91 607 20 568 363 766 699 171
Route 65: 269 615 726 188 114 735 455 317 697
Route 66: 706 732 737 788 327 37 357 111 426
Route 67: 593 147 651 748 570 240 360 86 26 591 210
Route 68: 364 736 576 221 720 609 499 29 386
Route 69: 398 74 42 558 318 685 376
Route 70: 117 763 207 408 242 202 717 146 392 525
Route 71: 329 397 675 629 331 252 666 156
Route 72: 511 343 201 158 704 61 497 754 580
Route 73: 779 762 168 274 428 399 373
Route 74: 129 750 690 251 515 80 448 287 472 104 419
Route 75: 27 134 290 786 423 705 367 322
Route 76: 641 583 187 11 633 82 634
Route 77: 13 226 427 535 262 192 214 425
Route 78: 642 308 654 696 77 787 780 599
Route 79: 477 764 662 116 767 747 728 260
Route 80: 277 528 635 475 175 66 490 229 756
Route 81: 377 149 390 71 611 454 731 97
Route 82: 342 493 800 142 413 751 205 160
Route 83: 235 509 531 383 518 671 669
Route 84: 433 702 292 241 650 431 460
Route 85: 714 179 288 793
Route 86: 436 64 184 248 631 557 285 301 135
Route 87: 471 313 268 770 351 270 781 35 348
Route 88: 384 291 619 603 353 711 745 537 47 344 227
Route 89: 180 663 314 547 178 24 581 380 230 474
Route 90: 468 44 3 161 463 365 181 758
Route 91: 297 536 700 213 103 112 542
Route 92: 41 661 796 303 358 739 579 309
Route 93: 378 421 87 295 510 486 65 121
Route 94: 140 710 388 284 430 409 250 151 541
Route 95: 517 757 665 775 435 215 402
Route 96: 560 698 598 655 484 9
Route 97: 302 57 113 465 586 795
Route 98: 453 349 727 263 689
Route 99: 138 300 614 769 404
Route 100: 469 530 120 789 218 84 730
Route 101: 645 217 40 51 506 639 550 554
Route 102: 83 209 107 32 582 799
Vehicles: 102
Distance: 53291.53
