Route 1: 461 657 69 133 359 4 262 307
Route 2: 5 471 474 566 324 450 793 564
Route 3: 382 355 418 161 390 367 122 369 630 350 34 121
Route 4: 16 432 533 648 378 108 118 671 271 182
Route 5: 515 590 778 272 319 213 125 543 373 550 219
Route 6: 553 320 151 256 587 768 488 451 62 424
Route 7: 220 661 754 472 196 544 620 699 114 294 90 349
Route 8: 576 171 192 496 750 665 379 123 738 428 257 664
Route 9: 284 145 492 109 739 282 548 759
Route 10: 713 101 551 650 558 188 799 410 621 391
Route 11: 696 627 655 640 253 289 322 389 249 387 150
Route 12: 343 96 334 104 720 154 364 753 516 221 719
Route 13: 446 511 165 491 205 797 227 476 755 592 241 458
Route 14: 386 494 88 681 13 176 582 730
Route 15: 532 394 422 721 44 342 10 136 252 57 612
Route 16: 297 501 245 181 767 625 575 66 338
Route 17: 433 292 589 201 290 466 662 346 23 454
Route 18: 456 143 733 354 429 473 689 462 425 569
Route 19: 668 531 539 260 682 383 22 286 597 368 495 231
Route 20: 636 647 51 305 413 440 198 675 186 191 77
Route 21: 704 652 789 788 735 87 295 374 563 710 144
Route 22: 37 685 242 73 141 643 776 36 15 555 329
Route 23: 384 536 105 381 361 197 102 317 371 786
Route 24: 65 637 92 690 166 583 642
Route 25: 211 694 45 234 1 259 277 269 39 485
Route 26: 431 323 375 497 178 216 507 572 330 469 29
Route 27: 303 606 634 506 347 649 95 435 28
Route 28: 727 639 421 423 777 173 794 787 619
Route 29: 138 170 276 152 103 24 478 514 6 698
Route 30: 339 158 417 98 377 43 280 447 206 106 91
Route 31: 527 233 363 341 570 312 370 764 561 467
Route 32: 504 761 613 577 529 129 673
Route 33: 717 185 8 774 445 519 279
Route 34: 388 598 644 155 651 800 126
Route 35: 481 83 573 25 484 332 709 541
Route 36: 357 742 722 678 300 441 119 146
Route 37: 463 230 502 509 660 70 301
Route 38: 475 64 184 580 344 212 238 134
Route 39: 658 120 157 264 560 608 9 599
Route 40: 578 487 275 393 189 237 638 785 250
Route 41: 430 716 21 712 770 306 411 162 656 579 74
Route 42: 239 265 281 293 749 453 556 397 142 2 208
Route 43: 783 538 318 686 674 278 117 528 226 352
Route 44: 247 645 124 405 218 757 455 626 629
Route 45: 115 3 420 159 526 160 156 348 416
Route 46: 554 605 437 535 688 601 17 308 436 337
Route 47: 588 680 85 646 565 760 737 460 236
Route 48: 351 97 111 128 99 734 71 139 562 406 534
Route 49: 408 513 63 41 268 736 615 574
Route 50: 80 164 452 400 358 362 525
Route 51: 439 530 700 791 617 434 112 784
Route 52: 296 187 585 724 135 254 756 336 701
Route 53: 78 693 723 523 180 140 403 483 314 632
Route 54: 204 659 798 326 593 490 628 552 149 517
Route 55: 602 708 780 486 459 328 203 503 614 510 207
Route 56: 183 309 360 653 353 89 692 174 327 746
Route 57: 559 477 521 546 380 567 235 479 58 94
Route 58: 537 499 116 508 748 542 795 316 56 210 595
Route 59: 266 740 100 59 258 782 505 107 633 274 728
Route 60: 775 148 35 376 691 654 771 313
Route 61: 725 61 399 194 267 586
Route 62: 419 442 618 520 333 498 32 702 414 195 641
Route 63: 676 331 732 365 47 84 147 796 448 635 600
Route 64: 765 493 557 706 225 395 744 603 524 584 581 113 224
Route 65: 315 684 345 217 40 512 321 33
Route 66: 137 779 75 18 228 229 594 591 356 169
Route 67: 773 766 752 179 167 255 172 663 745 199 53 60
Route 68: 415 715 46 42 12 468 412
Route 69: 50 404 48 222 86 666 298 596 287
Route 70: 302 741 540 571 79 311 175 72
Route 71: 81 604 611 30 127 547 522 407 299 288 482
Route 72: 335 396 200 610 731 93 480 669 443
Route 73: 409 31 607 244 223 697 718 7 609 398 131
Route 74: 26 500 670 687 763 76 283 726 168 667 202 49
Route 75: 518 177 340 470 55 14 240 623 705 285 304
Route 76: 758 215 110 291 54 762 232 153 366
Route 77: 402 751 711 38 243 677 489 246 729 743
Route 78: 68 248 672 130 310 622 449 438
Route 79: 747 67 82 372 769 549 631 193 214 683
Route 80: 209 163 545 790 261 457 703 679 190 52 27
Route 81: 568 426 772 263 19 20 695 464 444
Route 82: 624 465 251 616 385 11 401 707 714
Route 83: 270 792 781 273 132 392
Route 84: 427 325
Vehicles: 84
Distance: 60612.40
