Route 1: 452 684 592 788 218 418 566 275 373 729 577 153 509 350 327 470 142 447 762 573 707 319 189 556 408 107 181 78 337 786 301 125 123 732 797 666 298 241 245 751 680 787 345 796 557 608 61 742 138 343 186 203 435 461 201
Route 2: 618 508 105 597 633 304 326 656 558 289 340 168 443 578 420 51 715 705 708 354 169 104 28 798 538 754 99 776 478 18 90 156 624 645 781 163 122 257 446 198 154 413 311 178 261 460 790 691 212 545 513 323 286 238 303 683 300
Route 3: 520 194 384 12 403 399 526 236 512 67 463 414 136 369 52 522 246 492 6 789 651 439 433 363 320 502 444 338 697 98 766 342 147 593 308 779 355 516 472 3 392 314 276 91 132 55 260 468 627 29 85 14 703 382 501
Route 4: 344 94 2 202 329 695 87 88 619 188 794 465 641 111 254 625 299 386 21 456 322 151 167 530 193 205 434 488 583 511 141 515 745 334 634 379 562 570 321 242 96 607 346 564 725 9 723 569 316 432 7 161 57 759
Route 5: 279 180 297 536 144 497 505 643 459 100 498 612 548 26 335 108 106 710 97 773 116 309 490 402 654 563 686 86 421 13 652 110 249 438 629 743 401 395 366 305 36 517 240 41 596 165 756 496 223 234 128 553 371 74 450 325 277 609
Route 6: 485 1 407 581 393 68 455 525 587 442 126 772 425 724 23 231 120 622 542 769 535 35 177 422 473 778 423 636 114 565 19 310 454 750 312 81 620 259 626 129 429 266 60 239 611 580 71 436 331 47
Route 7: 233 584 451 749 381 440 282 76 216 192 712 405 288 720 176 210 50 639 424 640 574 448 655 271 674 383 397 718 449 761 59 155 351 481 368 70 247 555 66 244 252 324 230 377 672 272 103 400 667 46
Route 8: 653 559 222 755 575 623 280 380 267 457 704 606 670 734 586 753 630 784 437 389 510 635 568 561 518 20 647 82 594 744 62 34 158 567 409 220 89 183 146 228 503 137 25 544 131 208 135 204 296 464 775 229 166 113 404
Route 9: 493 273 139 614 482 58 27 419 733 182 394 117 650 112 37 588 333 678 148 150 49 130 736 499 160 348 757 767 483 39 477 770 637 306 519 489 375 800 469 174 287 417 590 747 507 268 191 227 184 603 124 362 551 458 5 353 328 579
Route 10: 44 127 521 315 248 291 290 604 16 585 225 668 40 721 679 727 92 752 699 706 543 711 494 506 576 365 793 253 72 374 224 669 358 83 17 197 532 243 659 676 701 657 660 32 30 284 285 206 466 164 190 159 681 54 179 638 221 763 571 237
Route 11: 771 658 616 475 722 416 491 235 196 119 415 262 63 4 601 792 48 187 675 388 372 24 332 739 226 302 700 780 263 514 549 265 605 662 359 539 589 56 95 217 38 45 427 709 31 783 215
Route 12: 527 533 474 698 391 552 80 341 673 602 685 430 663 528 79 317 143 541 347 610 412 671 737 367 546 764 730 694 540 387 294 258 318 760 411 696 133 646 360 134 524 642 631 69 42 219 251 396 209
Route 13: 591 748 356 688 677 777 486 364 22 600 648 109 250 768 664 534 644 495 101 740 795 550 529 523 213 728 149 480 162 613 537 264 441 75 484 687 467 175 357 376 8 453 278 145 199 185 385 378 293 152
Route 14: 352 11 15 255 390 370 65 10 758 774 33 689 118 632 599 690 84 283 64 476 93 256 487 170 692 547 799 330 726 445 462 274 791 716 53 598 157 731 171 531
Route 15: 582 172 785 428 207 572 211 649 682 628 702 232 336 349 295 693 140 595 471 717 746 270 554 195 504 173 292 615 765 735 214 410 479 200 713 741 307
Route 16: 719 115 714 661 426 269 361 782 406 281 102 313 500 738 665 621 121 617 73 43 398 431 77 339 560
Vehicles: 16
Distance: 57571.19
