Route 1: 764 697 495 156 736 320 314 323 632 54 31 520 506 559 460 686 538 340 689 788 557 739 164 228 700 289 684 182 347 139 665 402 97 800 233 293 204 371 53 66 786 333 292 566 33 19 621 556 501 657 761 364 745 714
Route 2: 582 133 379 149 450 147 29 436 543 103 675 470 765 707 694 722 404 626 88 551 617 642 109 263 797 188 451 215 357 153 377 40 605 555 81 34 369 794 245 706 150 771
Route 3: 175 162 130 692 229 89 607 275 473 184 134 87 318 539 23 261 596 382 329 415 299 56 698 664 185 304 5 597 116 278
Route 4: 165 360 548 142 645 671 105 513 441 572 752 669 45 641 177 400 497 86 716 16 260 387 508 128 606 650 425 124 653 262 274 234 417 676 670 630 502 517 682 43 126 172 381 423 298 64 741 321 255 22 276
Route 5: 562 319 301 704 93 521 114 394 69 309 759 793 62 303 419 756 95 703 190 198 265 718 445 705 252 544 545 350 533 592 383 757 526 792 482 194 569 413 157 603 192 434 753 253 158 627 629 624 269 146 602 429 44 226 625 461 169
Route 6: 368 391 652 161 354 331 325 791 424 201 39 345 454 554 270 730 232 4 695 101 651 447 59 374 743 397 362 768 17 776 785 408 302 267 414 113 729 148 283 112 467 131 336 734 721 457
Route 7: 32 528 36 439 778 420 76 132 503 683 631 744 203 94 563 344 197 179 613 256 151 628 212 518 519 479 595 691 493 762 168 723 297 456 486 118 384 91 210 82
Route 8: 437 784 145 737 385 798 505 237 466 608 46 553 416 727 463 10 598 474 663 567 623 361 726 176 143 418 217 137 18 795 541 568 339 108 84 464 609 477
Route 9: 191 73 236 690 52 247 640 366 584 496 573 708 668 102 796 702 561 6 588 453 13 760 251 355 312 426 724 15 57 317 499 214 586 530 711 524 643 322 476 290 250 678 780 167 11 731 239 500 535 709 24 787 380 396 773 63
Route 10: 772 446 99 356 288 399 443 720 549 614 774 732 481 37 373 358 661 75 790 21 599 90 537 681 494 558 712 363 207 581 125 324 406 295 619 273 740 775 92 186
Route 11: 346 523 713 565 646 58 515 540 511 576 310 96 135 644 639 578 224 348 171 514 570 335 392 111 365
Route 12: 3 71 472 766 507 349 516 662 660 492 287 264 410 751 315 160 779 637 635 110 591 428 742 268 763 248 485 12 677 618 242 735 353 181 452 249 1 41 679 213 390 193
Route 13: 411 710 401 655 755 728 209 529 306 590 14 227 746 421 78 26 733 183 789 580 119 715 490 680 65 448 123 285 280 699 155 405 388 284 531 378 180 286 367 305
Route 14: 254 412 480 271 532 509 484 67 281 222 120 717 7 334 121 491 238 140 525 610 542 767 666 27 326 170 455 594 173 612 648 277 328 430 483 83 462 750 611 144 748 241 48 230 359 199
Route 15: 316 600 30 332 55 9 152 575 223 211 398 219 656 106 512 352 127 282 257 189 291 747 633 770 206 117 583 68 564 783 574 636 427 769 552 579 687 468 216
Route 16: 725 141 341 407 122 432 701 395 2 534 163 42 522 440 129 337 60 70 386 546 272 138 672 465 475 342 498 459 200 376 49 658 266 178 799 25 489 422 442
Route 17: 754 685 231 104 258 220 589 308 403 225 300 504 634 38 296 8 782
Route 18: 547 577 351 458 758 51 449 72 616 393 244 777 601 622 749 587 107 433 100 28 196 593 688 136 647 20 195 313 372 259 667 536 202 205
Route 19: 674 471 327 218 35 604 585 435 343 166 208 719 620 781 431 235 389 571 338 738 115 79 279 154 444 638 673 615
Route 20: 187 311 478 438 527 50 487 243 159 409 649 560 61 77 74 488
Route 21: 375 330 240 47 174 307 693 294 654 370 550 221 659 246 80 469 85 98 696 510
Vehicles: 21
Distance: 34762.60
