Route 1: 686 642 88 87 621 371 333 293 626 551 595
Route 2: 684 164 228 700 182 347 289 788 53 19 461
Route 3: 31 204 340 538 233 689 739 153 786 722 694 184
Route 4: 665 139 707 321 33 109 400 794 425 617 261 497 97
Route 5: 473 557 716 124 404 245 23 56 520 605 706 66
Route 6: 318 596 508 86 657 260 275 387 5 134 150
Route 7: 506 650 16 451 517 357 566 292 800 460 350
Route 8: 765 597 215 559 539 698 299 81 369
Route 9: 718 128 606 545 192 664 177 402
Route 10: 592 533 226 263 501 158 265 445 44 625 762
Route 11: 252 544 705 383 757 797 377 131 743 741 4 467 607 652
Route 12: 54 323 198 723 168 253 434 185 526 262 304 761 116
Route 13: 691 190 493 256 703 653 40 126 232 414 255
Route 14: 297 270 554 730 768 408 274 572 555 34 553
Route 15: 356 753 613 627 415 792 603 329 629 169 82
Route 16: 519 197 179 151 771 502 630 267 172 64 22 417 737
Route 17: 45 641 479 482 314 682 675 103 384 91 250
Route 18: 676 470 101 59 447 695 302 426 670 364
Route 19: 368 345 454 325 362 397 374 43 188 486
Route 20: 210 89 424 791 201 39 278 147 149 379 133 495
Route 21: 320 548 669 94 752 632 727 563 556
Route 22: 113 608 46 651 112 11 785 456 457
Route 23: 360 736 513 441 744 416 203 142 105 157 92
Route 24: 671 645 10 463 631 683 598 474 569 663 624
Route 25: 132 303 344 518 740 58 413 382 212 114 358
Route 26: 450 29 503 161 276 17 118 385 381 724 355
Route 27: 102 237 505 312 57 15 586 373 273 558 90 37
Route 28: 697 156 582 764 135 776 530 561 760 711 148 729 317
Route 29: 301 394 628 95 69 419 756 62 194 75
Route 30: 521 309 759 793 494 681 537 540 599 602 239
Route 31: 13 588 251 453 466 499 798 702 751
Route 32: 420 93 704 790 661 446 515 429 745 286
Route 33: 319 692 145 543 162 234 640 392 335 130 186
Route 34: 436 229 391 6 283 322 160 214 644 784
Route 35: 175 796 570 315 678 734 731 366 516 247
Route 36: 562 99 76 165 485 635 410 336 662 779
Route 37: 690 349 52 295 269 146 236 637 3 714
Route 38: 73 591 287 331 264 639 660 476 290 491 472
Route 39: 772 207 324 125 363 712 481 339 477
Route 40: 437 507 766 565 581 71 167 780 787 110
Route 41: 720 511 646 576 21 406 619 775 746 191 492
Route 42: 193 346 708 428 578 224 573 496 584 111 365 500 748
Route 43: 36 288 713 549 614 732 108 774 590 568 778 523
Route 44: 528 254 209 227 529 14 26 96 367 443 567 9 305
Route 45: 668 525 334 423 643 524 121 483 268 7 238 380
Route 46: 32 439 541 575 223 310 211 733 306 78
Route 47: 755 728 120 401 354 742 610 763 359 68 55
Route 48: 710 542 140 248 27 767 326 328 655 658 396
Route 49: 152 421 600 583 399 687 84 30 332 213 216 412 773 199 63
Route 50: 281 666 352 656 219 514 535 83 171 512 230
Route 51: 316 106 266 144 611 750 24 430 532 249 534 398 390
Route 52: 709 67 717 222 70 138 348 411 480 241 468
Route 53: 484 459 282 522 155 564 623 284 395 189 754 12
Route 54: 163 2 42 546 65 795 143 48 609
Route 55: 432 509 129 60 440 337 298 770 721
Route 56: 271 777 291 257 633 127 465 442 117 231 308
Route 57: 272 701 386 725 170 747 452 176 104 258
Route 58: 589 220 580 789 490 119 715 296 403 8 464 726 418 620 393
Route 59: 616 758 574 166 781 327 679 677 244 242 634 361 782
Route 60: 376 672 648 618 422 462 601 202 489
Route 61: 547 685 343 585 51 449 388 72 183 351 217 699
Route 62: 141 674 407 122 431 341 471 235 180 405 280
Route 63: 279 719 300 504 38 680 206 137 769 636
Route 64: 218 604 35 342 498 738 41 427 673 799
Route 65: 458 208 389 435 225 438 311 478 181 205 277
Route 66: 577 159 409 243 487 783 571 18 285 448 531
Route 67: 187 50 527 370 240 1 536 136 749 200 444
Route 68: 195 594 622 688 593 196 455 612 79 649
Route 69: 587 313 638 735 115 246 98 579 154 25
Route 70: 338 353 259 49 693 667 433 696 178
Route 71: 375 28 20 107 173 647 174 85 80 552
Route 72: 47 307 100 294 654 659 74 221 123 378 77
Route 73: 560 61 330 469 372 475 550 488 615 510
Vehicles: 73
Distance: 50194.45
