Route 1: 758 30 707 329 141 650 641 667 184 192 125 435 342 401 479 40 495 721 659 72 544 9 784 632 417 727 629 120 613
Route 2: 439 443 513 133 17 740 63 554 732 737 459 42 33 691 774 503 511 279 188 196 557 212 158 782 209 82 18 89 425
Route 3: 753 604 215 669 280 270 339 129 362 258 114 197 229 409 361 79 627 169 497 285 110 662 759 461 688 306 455 757 338
Route 4: 587 108 163 486 159 621 392 314 616 561 694 117 165 679 336 470 65 162 786 483 357 709 402
Route 5: 234 394 322 137 771 640 785 551 149 521 126 95 323 492 790 783 677 13 345 799 580 157 262
Route 6: 334 71 88 744 83 456 217 624 227 233 297 653 187 303 25 172 397 325 272 450 130 538 438 68 749 781 719
Route 7: 53 100 118 779 264 355 760 367 111 588 534 99 755 349 123 742 555 225 570 135 230 584 686 568 354 256 152 103 255 140 618
Route 8: 324 26 208 540 5 689 226 718 437 710 91 682 218 206 257 449 419 481 296 546 581 356 194 541 754 128 724 231 219 596 383
Route 9: 16 106 611 271 38 552 462 560 442 50 705 96 189 313 610 509 341 190 432 741 530 214 660 748 412 608 241 373 371 365
Route 10: 420 224 251 330 27 798 453 635 750 469 161 619 36 145 107 22 1 15 85 452 366 626 559 731 348 638 151 39 526 543 751 661 139
Route 11: 75 321 589 649 576 287 205 315 73 105 182 370 166 380 612 775 520 609 762 331 489 730 684 290 670 70 312 501 246 92 515
Route 12: 186 714 594 657 47 433 155 644 625 733 369 510 143 387 525 351 690 451 505 318 211 423 572 678 477 407
Route 13: 29 788 441 603 167 273 21 567 175 428 474 195 119 547 537 81 333 183 204 787 176 311 528 344 328 743 19 86 293 28 597 249 595
Route 14: 307 408 104 533 238 636 198 601 796 517 476 466 109 122 793 553 655 352 639 713 685 134 395 358 281 375
Route 15: 652 674 347 327 360 600 124 693 160 602 131 573 260 764 418 278 178 382 353 421 20 458 254 291 590 308 473 265 772 127 531 429 45 164
Route 16: 615 179 404 24 396 51 203 673 202 491 663 410 52 484 527 11 10 335 320 633 317 274 496 153 645 487 23 735 777 247 326
Route 17: 617 666 416 720 181 637 263 556 146 493 46 171 379 8 463 447 614 243 388 302 427 518 465 654 494 350 275 598 210 148 391 87 445
Route 18: 101 267 235 592 622 607 800 591 504 242 400 200 454 115 761 57 490 599 434 377 69 250 76 94 289 84 717 277 676
Route 19: 116 426 566 702 66 60 112 630 378 185 54 778 535 656 767 399 651 446 734 549 647 48 698 716 363 223
Route 20: 337 228 282 575 168 519 460 582 746 359 55 752 422 482 390 728 500 154 569 414 738 563 221 708 548 269
Route 21: 514 398 376 49 411 586 668 56 244 522 364 703 444 665 4 59 237 431 424 523 299 711 295 283 174 485 646
Route 22: 436 512 232 41 62 739 14 488 794 156 220 745 142 699 448 266 201 6 766 780 77 193 664 579 222 558 658 773 213 736
Route 23: 74 301 7 506 681 180 93 578 532 565 259 765 440 35 44 574 791 286 642 61 628 207 144 747 191 316 631
Route 24: 284 583 170 769 776 457 464 692 177 248 132 80 562 173 381 697 78 529 706 725 97 648 606 98 671 276 502 305 3 253 564 393 797
Route 25: 524 147 2 102 712 729 332 31 413 346 792 138 294 675 498 319 34 343 12 43 372 385 634
Route 26: 672 236 304 389 585 405 722 239 550 268 471 768 136 58 199 770 623 292 683 508 32 795 687 696 374 480
Route 27: 37 340 542 368 467 516 430 695 643 90 499 605 715 475 121 593 545 700 620 309 763 288 386 216 536 406 150 64 472
Route 28: 726 577 384 252 723 403 680 67 468 478 507 756 701 789 310 240 261 245 298 415 539 571 113 300 704
Vehicles: 28
Distance: 28710.07
